期間,合計_原始值,合計_年增率(%),合計_原始值,合計_年增率(%),合計_原始值,合計_年增率(%),國庫券_原始值,國庫券_年增率(%),國庫券_原始值,國庫券_年增率(%),國庫券_原始值,國庫券_年增率(%),商業本票_原始值,商業本票_年增率(%),商業本票_原始值,商業本票_年增率(%),商業本票_原始值,商業本票_年增率(%),銀行承兌匯票_原始值,銀行承兌匯票_年增率(%),銀行承兌匯票_原始值,銀行承兌匯票_年增率(%),銀行承兌匯票_原始值,銀行承兌匯票_年增率(%),可轉讓定期存單_原始值,可轉讓定期存單_年增率(%),可轉讓定期存單_原始值,可轉讓定期存單_年增率(%),可轉讓定期存單_原始值,可轉讓定期存單_年增率(%)
2010M01,"576,820",10.07,"506,470",16.86,"1,113,405",4.99,"20,000",-77.78,-,-,"235,000",19.40,"505,037",22.28,"458,209",14.59,"698,134",-0.75,"1,995",62.99,"1,791",26.22,"5,079",7.15,"49,788",151.76,"46,470",44.82,"175,192",12.64
2010M02,"441,182",-21.56,"387,209",-19.84,"1,167,379",2.41,"25,000",-44.44,"25,000",-,"235,000",-2.82,"354,893",-26.95,"316,562",-29.11,"736,465",-0.84,"1,895",48.86,"2,042",-13.77,"4,933",35.30,"59,394",95.61,"43,605",27.76,"190,981",25.84
2010M03,"639,412",23.95,"614,233",16.23,"1,192,557",5.79,"25,000",25.00,"40,000",-,"220,000",-15.97,"537,235",15.15,"511,406",5.83,"762,294",5.00,"2,720",67.08,"2,463",44.88,"5,189",45.23,"74,457",169.14,"60,364",38.64,"205,074",50.92
2010M04,"578,230",10.26,"582,763",6.71,"1,188,025",7.46,"45,000",12.50,"40,000",-4.34,"225,000",-13.46,"457,654",-0.40,"463,384",-1.84,"756,564",6.05,"2,785",52.60,"2,188",38.92,"5,787",51.33,"72,791",215.24,"77,191",151.90,"200,674",56.37
2010M05,"503,041",12.03,"557,685",30.23,"1,133,381",0.62,-,-,"25,000",-,"200,000",-28.57,"430,922",7.72,"490,153",23.44,"697,333",-2.66,"2,955",62.10,"2,694",128.69,"6,048",35.33,"69,164",154.68,"39,838",32.86,"230,000",83.26
2010M06,"599,430",24.86,"591,276",10.32,"1,141,535",6.64,-,-,"20,000",-42.86,"180,000",-26.53,"495,472",13.33,"490,221",4.98,"702,585",2.32,"2,825",41.39,"2,646",24.99,"6,227",43.15,"101,133",147.42,"78,409",145.70,"252,723",87.94
2010M07,"630,886",25.22,"595,210",12.19,"1,177,211",12.78,"35,000",-,"35,000",-22.22,"180,000",-10.00,"544,720",15.52,"498,782",9.10,"748,523",6.77,"3,051",59.24,"2,458",38.64,"6,820",51.83,"48,115",58.44,"58,970",121.68,"241,868",74.97
2010M08,"607,343",48.27,"651,016",29.07,"1,133,537",19.45,"30,000",-,"45,000",-10.00,"165,000",10.00,"484,939",25.21,"503,406",21.47,"730,056",8.33,"2,848",53.28,"3,389",79.31,"6,278",40.76,"89,556",338.03,"99,221",160.48,"232,203",92.56
2010M09,"599,784",8.99,"656,807",24.10,"1,076,515",10.98,"55,000",22.22,"50,000",150.00,"170,000",-2.86,"511,235",12.14,"540,717",17.72,"700,574",4.48,"2,617",25.82,"2,716",33.86,"6,180",37.03,"30,932",-34.67,"63,374",32.28,"199,761",66.43
2010M10,"644,503",14.98,"614,110",19.20,"1,106,907",9.01,"55,000",-8.33,"35,000",0.00,"190,000",-5.00,"501,031",8.69,"511,312",13.25,"690,293",1.52,"2,760",31.81,"2,179",40.22,"6,761",33.88,"85,712",128.59,"65,619",141.51,"219,853",68.66
2010M11,"665,393",19.18,"566,027",1.79,"1,206,275",18.54,"45,000",0.00,-,-,"235,000",23.68,"540,473",20.30,"490,365",6.88,"740,401",10.44,"3,628",76.63,"4,241",84.95,"6,149",27.81,"76,292",23.07,"71,421",78.62,"224,725",47.50
2010M12,"654,802",-0.01,"693,616",10.19,"1,167,462",11.93,"30,000",-57.14,"25,000",-44.44,"240,000",11.63,"539,826",5.74,"594,174",12.19,"686,054",5.34,"3,004",40.31,"2,928",41.04,"6,225",27.69,"81,972",13.46,"71,514",35.61,"235,183",36.83
2011M01,"729,612",26.49,"667,849",31.86,"1,229,225",10.40,"25,000",25.00,"25,000",-,"240,000",2.13,"636,714",26.07,"565,988",23.52,"756,780",8.40,"2,495",25.06,"2,610",45.73,"6,110",20.30,"65,403",31.36,"74,251",59.78,"226,335",29.19
2011M02,"493,702",11.90,"492,380",27.16,"1,230,548",5.41,"25,000",0.00,"25,000",0.00,"240,000",2.13,"428,342",20.70,"423,888",33.90,"761,234",3.36,"2,307",21.74,"2,015",-1.32,"6,402",29.78,"38,053",-35.93,"41,477",-4.88,"222,912",16.72
2011M03,"662,998",3.69,"685,428",11.59,"1,208,118",1.30,"20,000",-20.00,"30,000",-25.00,"230,000",4.55,"555,237",3.35,"572,853",12.02,"743,619",-2.45,"3,015",10.85,"3,463",40.60,"5,954",14.74,"84,746",13.82,"79,112",31.06,"228,545",11.45
2011M04,"597,900",3.40,"597,420",2.52,"1,208,598",1.73,"30,000",-33.33,"25,000",-37.50,"235,000",4.44,"494,839",8.13,"506,014",9.20,"732,444",-3.19,"2,710",-2.69,"1,851",-15.40,"6,813",17.73,"70,351",-3.35,"64,555",-16.37,"234,341",16.78
2011M05,"625,932",24.43,"669,825",20.11,"1,164,705",2.76,"30,000",-,"50,000",100.00,"215,000",7.50,"515,407",19.61,"535,496",9.25,"712,355",2.15,"2,810",-4.91,"3,412",26.65,"6,212",2.71,"77,715",12.36,"80,917",103.12,"231,138",0.49
2011M06,"565,087",-5.73,"628,991",6.38,"1,100,800",-3.57,-,-,"36,223",81.12,"178,777",-0.68,"483,257",-2.47,"521,468",6.37,"674,144",-4.05,"2,562",-9.31,"2,588",-2.19,"6,185",-0.67,"79,268",-21.62,"68,712",-12.37,"241,694",-4.36
2011M07,"549,676",-12.87,"566,703",-4.79,"1,083,774",-7.94,-,-,"30,000",-14.29,"148,777",-17.35,"497,772",-8.62,"497,125",-0.33,"674,791",-9.85,"2,480",-18.72,"1,968",-19.93,"6,698",-1.79,"49,424",2.72,"37,610",-36.22,"253,508",4.81
2011M08,"612,228",0.80,"641,658",-1.44,"1,054,344",-6.99,"30,000",0.00,"46,167",2.59,"132,610",-19.63,"511,629",5.50,"506,776",0.67,"679,643",-6.91,"2,658",-6.67,"3,432",1.27,"5,925",-5.62,"67,941",-24.14,"85,283",-14.05,"236,166",1.71
2011M09,"677,730",13.00,"625,723",-4.73,"1,106,352",2.77,"35,000",-36.36,"30,000",-40.00,"137,610",-19.05,"553,366",8.24,"526,897",-2.56,"706,113",0.79,"2,414",-7.76,"2,347",-13.59,"5,992",-3.04,"86,950",181.10,"66,479",4.90,"256,637",28.47
2011M10,"566,465",-12.11,"532,479",-13.29,"1,140,337",3.02,"25,000",-54.55,"30,950",-11.57,"131,660",-30.71,"494,141",-1.38,"463,253",-9.40,"737,001",6.77,"2,372",-14.06,"2,429",11.47,"5,934",-12.23,"44,952",-47.55,"35,847",-45.37,"265,742",20.87
2011M11,"623,952",-6.23,"594,016",4.94,"1,170,273",-2.98,"20,000",-55.56,-,-,"151,660",-35.46,"536,116",-0.81,"530,359",8.16,"742,758",0.32,"2,010",-44.60,"2,414",-43.08,"5,530",-10.07,"65,826",-13.72,"61,243",-14.25,"270,325",20.29
2011M12,"718,682",9.76,"696,330",0.39,"1,192,626",2.16,"81,200",170.67,"52,610",110.44,"180,250",-24.90,"563,713",4.42,"571,311",-3.85,"735,161",7.16,"2,227",-25.87,"2,066",-29.44,"5,691",-8.58,"71,542",-12.72,"70,343",-1.64,"271,524",15.45
2012M01,"486,143",-33.37,"458,115",-31.40,"1,220,654",-0.70,-,-,-,-,"180,250",-24.90,"459,026",-27.91,"417,806",-26.18,"776,381",2.59,"1,849",-25.89,"2,983",14.29,"4,557",-25.42,"25,268",-61.37,"37,326",-49.73,"259,466",14.64
2012M02,"597,832",21.09,"540,869",9.85,"1,277,617",3.83,0,-100.00,0,-100.00,"180,250",-24.90,"563,789",31.62,"502,143",18.46,"838,027",10.09,"2,079",-9.88,"2,181",8.24,"4,456",-30.40,"31,964",-16.00,"36,545",-11.89,"254,884",14.34
2012M03,"659,674",-0.50,"632,189",-7.77,"1,305,101",8.03,-,-,-,-,"180,250",-21.63,"616,105",10.96,"584,573",2.05,"869,559",16.94,"2,456",-18.54,"1,567",-54.75,"5,345",-10.23,"41,113",-51.49,"46,049",-41.79,"249,947",9.36
2012M04,"639,429",6.95,"619,423",3.68,"1,325,105",9.64,"30,000",0.00,"52,000",108.00,"158,250",-32.66,"567,405",14.66,"529,524",4.65,"907,439",23.89,"2,251",-16.94,"2,644",42.84,"4,951",-27.33,"39,773",-43.46,"35,255",-45.39,"254,465",8.59
2012M05,"698,704",11.63,"637,233",-4.87,"1,381,974",18.65,"25,000",-16.67,"27,050",-45.90,"156,200",-27.35,"613,610",19.05,"553,495",3.36,"967,554",35.82,"2,360",-16.01,"2,388",-30.01,"4,924",-20.73,"57,734",-25.71,"54,300",-32.89,"253,296",9.59
2012M06,"669,442",18.47,"728,657",15.85,"1,327,019",20.55,"25,000",-,"51,200",41.35,"130,000",-27.28,"566,465",17.22,"608,021",16.60,"925,999",37.36,"2,245",-12.37,"1,630",-37.02,"5,539",-10.44,"75,732",-4.46,"67,806",-1.32,"265,481",9.84
2012M07,"669,536",21.81,"626,243",10.51,"1,370,311",26.44,"30,000",-,"30,000",0.00,"130,000",-12.62,"601,363",20.81,"561,014",12.85,"966,347",43.21,"1,894",-23.63,"2,756",40.04,"4,677",-30.17,"36,279",-26.60,"32,473",-13.66,"269,287",6.22
2012M08,"763,275",24.67,"788,150",22.83,"1,345,437",27.61,"20,000",-33.33,"20,000",-56.68,"130,000",-1.97,"664,698",29.92,"675,260",33.25,"955,785",40.63,"2,063",-22.39,"1,932",-43.71,"4,808",-18.85,"76,514",12.62,"90,958",6.65,"254,844",7.91
2012M09,"707,231",4.35,"705,005",12.67,"1,347,663",21.81,"15,000",-57.14,"30,000",0.00,"115,000",-16.43,"652,231",17.87,"620,079",17.69,"987,937",39.91,"1,766",-26.84,"1,634",-30.38,"4,940",-17.56,"38,234",-56.03,"53,292",-19.84,"239,786",-6.57
2012M10,"731,794",29.19,"715,835",34.43,"1,363,622",19.58,"30,000",20.00,"25,000",-19.22,"120,000",-8.86,"651,665",31.88,"645,105",39.26,"994,497",34.94,"1,787",-24.66,"2,652",9.18,"4,075",-31.33,"48,342",7.54,"43,078",20.17,"245,050",-7.79
2012M11,"799,006",28.06,"748,034",25.93,"1,414,592",20.88,"30,000",50.00,-,-,"150,000",-1.09,"691,346",28.95,"668,308",26.01,"1,017,534",36.99,"1,646",-18.11,"1,889",-21.75,"3,832",-30.71,"76,014",15.48,"77,837",27.10,"243,226",-10.02
2012M12,"765,615",6.53,"726,212",4.29,"1,453,996",21.92,"60,000",-26.11,"15,000",-71.49,"195,000",8.18,"663,901",17.77,"657,834",15.14,"1,023,601",39.23,"1,802",-19.08,"1,361",-34.12,"4,274",-24.90,"39,912",-44.21,"52,017",-26.05,"231,121",-14.88
2013M01,"817,825",68.23,"745,236",62.67,"1,526,584",25.06,"25,000",-,-,-,"220,000",22.05,"758,890",65.33,"697,576",66.96,"1,084,915",39.74,"1,841",-0.43,"2,172",-27.19,"3,942",-13.50,"32,094",27.01,"45,488",21.87,"217,727",-16.09
2013M02,"607,385",1.60,"566,979",4.83,"1,566,988",22.65,"20,000",--,-,-,"240,000",33.15,"542,561",-3.77,"518,920",3.34,"1,108,555",32.28,"1,866",-10.25,"1,321",-39.43,"4,487",0.70,"42,958",34.39,"46,738",27.89,"213,946",-16.06
2013M03,"854,432",29.52,"799,257",26.43,"1,622,164",24.29,"20,000",-,-,-,"260,000",44.24,"773,190",25.50,"732,376",25.28,"1,149,370",32.18,"1,812",-26.22,"1,842",17.55,"4,457",-16.61,"59,430",44.55,"65,039",41.24,"208,337",-16.65
2013M04,"777,680",21.62,"773,569",24.89,"1,626,272",22.73,"30,000",0.00,"60,000",15.38,"230,000",45.34,"711,374",25.37,"674,746",27.43,"1,185,997",30.70,"1,999",-11.20,"2,354",-10.97,"4,101",-17.17,"34,307",-13.74,"36,469",3.44,"206,174",-18.98
2013M05,"863,075",23.53,"818,263",28.41,"1,671,084",20.92,"15,000",-40.00,"15,000",-44.55,"230,000",47.25,"779,733",27.07,"756,169",36.62,"1,209,561",25.01,"1,981",-16.06,"1,770",-25.88,"4,312",-12.43,"66,361",14.94,"45,324",-16.53,"227,211",-10.30
2013M06,"708,110",5.78,"797,985",9.51,"1,581,210",19.16,-,-,"55,150",7.71,"174,850",34.50,"637,689",12.57,"684,079",12.51,"1,163,171",25.61,"1,836",-18.22,"1,386",-14.97,"4,763",-14.01,"68,585",-9.44,"57,370",-15.39,"238,426",-10.19
2013M07,"870,575",30.03,"855,369",36.59,"1,596,416",16.50,"80,000",166.67,"55,000",83.33,"199,850",53.73,"743,339",23.61,"744,084",32.63,"1,162,426",20.29,"1,931",1.95,"2,469",-10.41,"4,225",-9.66,"45,305",24.88,"53,816",65.73,"229,915",-14.62
2013M08,"882,597",15.63,"866,951",10.00,"1,612,061",19.82,"50,000",150.00,"50,000",150.00,"199,850",53.73,"793,685",19.41,"763,412",13.05,"1,192,699",24.79,"2,085",1.07,"1,451",-24.90,"4,858",1.04,"36,827",-51.87,"52,088",-42.73,"214,654",-15.77
2013M09,"841,816",19.03,"812,690",15.27,"1,641,187",21.78,"24,550",63.67,-,-,"224,400",95.13,"753,684",15.55,"762,916",23.04,"1,183,467",19.79,"1,952",10.53,"2,404",47.12,"4,406",-10.81,"61,630",61.19,"47,370",-11.11,"228,914",-4.53
2013M10,"835,912",14.23,"844,825",18.02,"1,632,273",19.70,-,-,"20,000",-20.00,"204,400",70.33,"780,437",19.76,"765,581",18.68,"1,198,323",20.50,"2,171",21.49,"2,084",-21.42,"4,492",10.23,"53,304",10.26,"57,160",32.69,"225,058",-8.16
2013M11,"842,555",5.45,"818,583",9.43,"1,656,246",17.08,"25,000",-16.67,"20,000",-,"209,400",39.60,"768,661",11.18,"746,648",11.72,"1,220,336",19.93,"1,949",18.41,"1,633",-13.55,"4,809",25.50,"46,945",-38.24,"50,302",-35.38,"221,701",-8.85
2013M12,"906,998",18.47,"913,009",25.72,"1,650,235",13.50,"35,000",-41.67,"29,850",99.00,"214,550",10.03,"784,190",18.12,"805,331",22.42,"1,199,196",17.15,"2,032",12.76,"2,653",94.93,"4,188",-2.01,"85,776",114.91,"75,175",44.52,"232,301",0.51
2014M01,"911,404",11.44,"821,034",10.17,"1,740,605",14.02,"45,350",81.40,"25,000",-,"234,900",6.77,"806,861",6.32,"756,184",8.40,"1,249,873",15.20,"1,934",5.05,"1,525",-29.79,"4,597",16.62,"57,259",78.41,"38,325",-15.75,"251,235",15.39
2014M02,"825,423",35.90,"828,739",46.17,"1,737,290",10.87,"25,000",25.00,"20,000",-,"239,900",-0.04,"731,991",34.91,"722,745",39.28,"1,259,119",13.58,"1,647",-11.74,"1,843",39.52,"4,401",-1.92,"66,785",55.47,"84,151",80.05,"233,870",9.31
2014M03,"904,622",5.87,"892,635",11.68,"1,749,276",7.84,"25,000",25.00,"20,000",-,"244,900",-5.81,"831,606",7.56,"793,873",8.40,"1,296,852",12.83,"1,932",6.62,"2,438",32.36,"3,895",-12.61,"46,084",-22.46,"76,324",17.35,"203,629",-2.26
2014M04,"856,206",10.10,"875,704",13.20,"1,729,779",6.36,"20,000",-33.33,"55,350",-7.75,"209,550",-8.89,"817,253",14.88,"777,430",15.22,"1,336,675",12.70,"1,991",-0.40,"1,885",-19.92,"4,001",-2.44,"16,962",-50.56,"41,039",12.53,"179,553",-12.91
2014M05,"891,883",3.34,"855,614",4.56,"1,766,046",5.68,"24,500",63.33,-,-,"234,050",1.76,"806,843",3.48,"815,671",7.87,"1,327,846",9.78,"2,142",8.13,"1,409",-20.40,"4,734",9.79,"58,398",-12.00,"38,534",-14.98,"199,416",-12.23
2014M06,"886,141",25.14,"943,258",18.20,"1,708,929",8.08,-,-,"49,050",-11.06,"185,000",5.80,"800,923",25.60,"827,282",20.93,"1,301,487",11.89,"2,035",10.84,"2,423",74.82,"4,346",-8.75,"83,183",21.28,"64,503",12.43,"218,096",-8.53
2014M07,"963,592",10.68,"904,146",5.70,"1,768,376",10.77,"20,000",-75.00,"45,000",-18.18,"160,000",-19.94,"903,223",21.51,"795,159",6.86,"1,409,552",21.26,"2,174",12.58,"2,105",-14.74,"4,415",4.50,"38,195",-15.69,"61,882",14.99,"194,409",-15.44
