期間,合計_原始值,合計_年增率(%),合計_原始值,合計_年增率(%),合計_原始值,合計_年增率(%),中央政府發行_原始值,中央政府發行_年增率(%),中央政府發行_原始值,中央政府發行_年增率(%),中央政府發行_原始值,中央政府發行_年增率(%),直轄市政府發行_原始值,直轄市政府發行_年增率(%),直轄市政府發行_原始值,直轄市政府發行_年增率(%),直轄市政府發行_原始值,直轄市政府發行_年增率(%)
1997M01,"40,000",166.67,255,-96.68,"1,036,022",18.48,"40,000",166.67,99,-98.66,"976,047",20.10,0,--,156,-47.30,"59,975",-2.85
1997M02,0,--,133,-99.54,"1,035,889",22.51,0,--,25,-99.91,"976,022",24.49,0,--,108,-47.32,"59,867",-2.70
1997M03,"30,000",100.00,"40,758",217.53,"1,025,131",20.93,"30,000",100.00,"39,134",254.44,"966,888",22.70,0,--,"1,624",-9.53,"58,243",-2.50
1997M04,0,-100.00,"1,642",-3.13,"1,023,489",18.18,0,-100.00,334,317.50,"966,554",21.13,0,-100.00,"1,308",-19.01,"56,935",-16.42
1997M05,"9,000",--,"1,932",-85.72,"1,030,557",20.88,0,--,110,-99.02,"966,444",22.85,"9,000",--,"1,822",-20.19,"64,113",-2.62
1997M06,0,-100.00,"35,612",44.04,"994,945",18.76,0,-100.00,"26,174",148.02,"940,270",19.61,0,--,"9,438",-33.39,"54,675",5.82
1997M07,0,--,"29,161","5,529.54","965,784",15.35,0,--,"29,151","6,742.96","911,119",15.96,0,--,10,-89.13,"54,665",5.99
1997M08,0,-100.00,"24,850","23,566.67","940,934",8.51,0,-100.00,"24,844","27,504.44","886,275",8.66,0,--,6,-60.00,"54,659",6.01
1997M09,"30,000",0.00,522,105.51,"970,412",8.19,"30,000",0.00,486,"1,085.37","915,789",8.30,0,--,36,-83.10,"54,623",6.38
1997M10,0,-100.00,198,32.89,"970,214",4.69,0,-100.00,184,119.05,"915,605",4.58,0,--,14,-78.46,"54,609",6.49
1997M11,"35,000",0.00,221,-98.94,"1,004,993",6.82,"30,000",-14.29,80,-99.61,"945,525",6.26,"5,000",--,141,-50.35,"59,468",16.61
1997M12,"30,000",-50.00,162,-96.46,"1,034,831",3.87,"30,000",-40.00,131,-96.47,"975,394",4.19,0,-100.00,31,-96.42,"59,437",-1.15
1998M01,0,-100.00,190,-25.49,"1,034,641",-0.13,0,-100.00,44,-55.56,"975,350",-0.07,0,--,146,-6.41,"59,291",-1.14
1998M02,"30,000",--,190,42.86,"1,064,451",2.76,"30,000",--,79,216.00,"1,005,271",3.00,0,--,111,2.78,"59,180",-1.15
1998M03,"30,000",0.00,"40,152",-1.49,"1,054,299",2.85,"30,000",0.00,"38,672",-1.18,"996,599",3.07,0,--,"1,480",-8.87,"57,700",-0.93
1998M04,0,--,599,-63.52,"1,053,700",2.95,0,--,546,63.47,"996,053",3.05,0,--,53,-95.95,"57,647",1.25
1998M05,0,-100.00,366,-81.06,"1,053,334",2.21,0,--,294,167.27,"995,759",3.03,0,-100.00,72,-96.05,"57,575",-10.20
1998M06,"5,000",--,"15,400",-56.76,"1,042,934",4.82,0,--,"6,354",-75.72,"989,405",5.23,"5,000",--,"9,046",-4.15,"53,529",-2.10
1998M07,0,--,168,-99.42,"1,042,766",7.97,0,--,144,-99.51,"989,261",8.58,0,--,24,140.00,"53,505",-2.12
1998M08,0,--,78,-99.69,"1,042,688",10.81,0,--,67,-99.73,"989,194",11.61,0,--,11,83.33,"53,494",-2.13
1998M09,"35,000",16.67,166,-68.20,"1,077,522",11.04,"30,000",0.00,159,-67.28,"1,019,035",11.27,"5,000",--,7,-80.56,"58,487",7.07
1998M10,0,--,"9,940","4,920.20","1,067,582",10.04,0,--,"9,938","5,301.09","1,009,097",10.21,0,--,2,-85.71,"58,485",7.10
1998M11,"46,000",31.43,"19,905","8,906.79","1,093,677",8.82,"30,000",0.00,"19,903","24,778.75","1,019,194",7.79,"16,000",220.00,2,-98.58,"74,483",25.25
1998M12,0,-100.00,"49,778","30,627.16","1,043,899",0.88,0,-100.00,"49,772","37,893.89","969,422",-0.61,0,--,6,-80.65,"74,477",25.30
1999M01,"26,900",--,316,66.32,"1,070,483",3.46,"26,900",--,315,615.91,"996,007",2.12,0,--,1,-99.32,"74,476",25.61
1999M02,0,-100.00,281,47.89,"1,070,202",0.54,0,-100.00,103,30.38,"995,904",-0.93,0,--,178,60.36,"74,298",25.55
1999M03,0,-100.00,3,-99.99,"1,070,199",1.51,0,-100.00,0,-100.00,"995,904",-0.07,0,--,3,-99.80,"74,295",28.76
1999M04,"36,000",--,"31,480","5,155.43","1,074,719",1.99,"36,000",--,"29,509","5,304.58","1,002,395",0.64,0,--,"1,971","3,618.87","72,324",25.46
1999M05,0,--,271,-25.96,"1,074,448",2.00,0,--,268,-8.84,"1,002,127",0.64,0,--,3,-95.83,"72,321",25.61
1999M06,0,-100.00,"9,137",-40.67,"1,065,311",2.15,0,--,135,-97.88,"1,001,992",1.27,0,-100.00,"9,002",-0.49,"63,319",18.29
1999M07,"30,000",--,110,-34.52,"1,095,201",5.03,"30,000",--,101,-29.86,"1,031,891",4.31,0,--,9,-62.50,"63,310",18.33
1999M08,"30,920",--,79,1.28,"1,126,042",7.99,"30,920",--,78,16.42,"1,062,733",7.43,0,--,1,-90.91,"63,309",18.35
1999M09,"40,000",14.29,92,-44.58,"1,165,950",8.21,"40,000",33.33,91,-42.77,"1,102,642",8.20,0,-100.00,1,-85.71,"63,308",8.24
1999M10,"40,000",--,94,-99.05,"1,205,856",12.95,"40,000",--,88,-99.11,"1,142,554",13.23,0,--,6,200.00,"63,302",8.24
1999M11,"40,000",-13.04,"39,148",96.67,"1,206,708",10.33,"40,000",33.33,"39,148",96.69,"1,143,406",12.19,0,-100.00,0,-100.00,"63,302",-15.01
1999M12,"39,000",--,476,-99.04,"1,245,232",19.29,"39,000",--,476,-99.04,"1,181,930",21.92,0,--,0,-100.00,"63,302",-15.00
2000M01,"50,000",85.87,105,-66.77,"1,295,127",20.99,"50,000",85.87,105,-66.67,"1,231,825",23.68,0,--,0,-100.00,"63,302",-15.00
2000M02,"50,000",--,"39,425","13,930.25","1,305,702",22.01,"50,000",--,"39,412","38,164.08","1,242,413",24.75,0,--,13,-92.70,"63,289",-14.82
2000M03,"50,000",--,412,"13,633.33","1,355,290",26.64,"50,000",--,410,--,"1,292,003",29.73,0,--,2,-33.33,"63,287",-14.82
2000M04,"33,500",-6.94,"40,942",30.06,"1,347,848",25.41,"33,500",-6.94,"38,965",32.04,"1,286,538",28.35,0,--,"1,977",0.30,"61,310",-15.23
2000M05,0,--,539,98.89,"1,347,309",25.40,0,--,535,99.63,"1,286,003",28.33,0,--,4,33.33,"61,306",-15.23
2000M06,"30,000",--,"5,345",-41.50,"1,371,964",28.79,"30,000",--,335,148.15,"1,315,668",31.31,0,--,"5,010",-44.35,"56,296",-11.09
2000M07,0,-100.00,114,3.64,"1,371,850",25.26,0,-100.00,110,8.91,"1,315,558",27.49,0,--,4,-55.56,"56,292",-11.09
2000M08,"38,000",22.90,90,13.92,"1,409,760",25.20,"30,000",-2.98,88,12.82,"1,345,470",26.60,"8,000",--,2,100.00,"64,290",1.55
2000M09,"38,000",-5.00,101,9.78,"1,447,659",24.16,"30,000",-25.00,95,4.40,"1,375,375",24.73,"8,000",--,6,500.00,"72,284",14.18
2000M10,0,-100.00,88,-6.38,"1,447,571",20.05,0,-100.00,88,0.00,"1,375,287",20.37,0,--,0,-100.00,"72,284",14.19
2000M11,"33,000",-17.50,"1,074",-97.26,"1,479,497",22.61,"33,000",-17.50,114,-99.71,"1,408,173",23.16,0,--,960,--,"71,324",12.67
2000M12,"40,000",2.56,"39,162","8,127.31","1,480,335",18.88,"40,000",2.56,"39,137","8,122.06","1,409,036",19.21,0,--,25,--,"71,299",12.63
2001M01,"70,000",40.00,211,100.95,"1,550,124",19.69,"70,000",40.00,204,94.29,"1,478,832",20.05,0,--,7,--,"71,292",12.62
2001M02,"60,000",20.00,116,-99.71,"1,610,008",23.31,"60,000",20.00,116,-99.71,"1,538,716",23.85,0,--,0,-100.00,"71,292",12.65
2001M03,"50,000",0.00,"18,178","4,312.14","1,641,830",21.14,"50,000",0.00,"17,958","4,280.00","1,570,758",21.58,0,--,220,"10,900.00","71,072",12.30
2001M04,0,-100.00,"25,830",-36.91,"1,616,000",19.89,0,-100.00,"23,844",-38.81,"1,546,914",20.24,0,--,"1,986",0.46,"69,086",12.68
