期間,合計_原始值,合計_年增率(%),合計_原始值,合計_年增率(%),合計_原始值,合計_年增率(%),公司債_原始值,公司債_年增率(%),公司債_原始值,公司債_年增率(%),公司債_原始值,公司債_年增率(%),金融債券_原始值,金融債券_年增率(%),金融債券_原始值,金融債券_年增率(%),金融債券_原始值,金融債券_年增率(%)
2001M05,"26,200",153.14,"7,169",4.72,"845,664",18.01,"18,900",158.90,"7,125",28.96,"738,629",17.23,"7,300",139.34,44,-96.67,"107,035",23.66
2001M06,"30,550",-25.89,"18,624",31.18,"857,590",15.32,"29,050",-29.44,"15,965",39.99,"751,714",13.92,"1,500","2,900.00","2,659",-4.80,"105,876",26.33
2001M07,"32,850",59.43,"9,680",-1.48,"880,759",16.75,"29,750",44.73,"9,594",34.61,"771,870",14.65,"3,100","6,100.00",86,-96.81,"108,889",34.16
2001M08,"36,650",158.10,"3,032",-68.06,"914,377",20.45,"19,500",114.29,"2,958",144.26,"788,412",15.75,"17,150",236.27,74,-99.11,"125,965",61.53
2001M09,"23,850",491.81,"2,991",-54.27,"935,237",23.61,"2,600",-33.84,"2,933",480.79,"788,079",15.12,"21,250","21,150.00",58,-99.04,"147,158",104.26
2001M10,"24,710",71.84,"9,631",22.83,"950,316",24.52,"15,650",141.51,"8,187",189.81,"795,542",15.59,"9,060",14.68,"1,444",-71.21,"154,774",106.56
2001M11,"58,159",218.05,"5,990",61.02,"1,002,485",28.90,"27,700",183.23,"4,596",48.02,"818,646",17.81,"30,459",258.09,"1,394",126.67,"183,839",121.97
2001M12,"38,809",0.26,"30,161",72.69,"1,011,133",26.55,"19,909",-32.14,"30,033",77.27,"808,522",14.31,"18,900",101.71,128,-75.53,"202,611",121.03
2002M01,"39,220",420.85,"1,733",-73.95,"1,048,620",31.10,"29,000",626.82,"1,380",-78.39,"836,142",18.62,"10,220",188.70,353,32.21,"212,478",123.80
2002M02,"15,242",-16.02,"2,989",11.24,"1,060,873",30.12,"8,702",-43.68,"2,931",20.12,"841,913",17.27,"6,540",142.22,58,-76.52,"218,960",124.82
2002M03,"36,150","1,146.55","15,104",210.21,"1,081,920",33.02,"10,100","1,736.36","6,327",89.94,"845,686",18.26,"26,050","1,008.51","8,777",470.68,"236,234",140.55
2002M04,"33,854",102.96,"8,237",142.84,"1,107,537",33.98,"21,804",45.36,"4,523",37.77,"862,967",18.73,"12,050",617.26,"3,714","3,307.34","244,570",145.11
2002M05,"50,150",91.41,"8,426",17.53,"1,149,261",35.90,"32,500",71.96,"5,265",-26.11,"890,202",20.52,"17,650",141.78,"3,161","7,084.09","259,059",142.03
2002M06,"30,035",-1.69,"9,346",-49.82,"1,169,950",36.42,"10,785",-62.87,"8,481",-46.88,"892,506",18.73,"19,250","1,183.33",865,-67.47,"277,444",162.05
2002M07,"65,400",99.09,"13,266",37.05,"1,222,084",38.75,"32,750",10.08,"13,148",37.04,"912,108",18.17,"32,650",953.23,118,37.21,"309,976",184.67
2002M08,"31,630",-13.70,"21,140",597.23,"1,232,574",34.80,"21,130",8.36,"15,962",439.62,"917,276",16.34,"10,500",-38.78,"5,178","6,897.30","315,298",150.31
2002M09,"54,555",128.74,"5,144",71.98,"1,281,985",37.08,"26,755",929.04,"5,026",71.36,"939,005",19.15,"27,800",30.82,118,103.45,"342,980",133.07
2002M10,"41,457",67.77,"14,049",45.87,"1,309,393",37.79,"14,704",-6.04,"6,260",-23.54,"947,449",19.09,"26,753",195.29,"7,789",439.40,"361,944",133.85
2002M11,"30,080",-48.28,"15,229",154.24,"1,324,244",32.10,"17,130",-38.16,"8,303",80.66,"956,276",16.81,"12,950",-57.48,"6,926",396.84,"367,968",100.16
2002M12,"72,005",85.54,"11,709",-61.18,"1,384,540",36.93,"60,405",203.41,"9,444",-68.55,"1,007,237",24.58,"11,600",-38.62,"2,265","1,669.53","377,303",86.22
2003M01,"20,150",-48.62,"4,944",185.29,"1,399,746",33.48,"10,250",-64.66,"2,010",45.65,"1,015,477",21.45,"9,900",-3.13,"2,934",731.16,"384,269",80.85
2003M02,"15,770",3.46,"5,972",99.80,"1,409,544",32.87,"1,900",-78.17,"5,415",84.75,"1,011,962",20.20,"13,870",112.08,557,860.34,"397,582",81.58
2003M03,"3,970",-89.02,"4,996",-66.92,"1,408,518",30.19,"2,470",-75.54,"1,457",-76.97,"1,012,975",19.78,"1,500",-94.24,"3,539",-59.68,"395,543",67.44
2003M04,"25,330",-25.18,"3,911",-52.52,"1,429,937",29.11,"21,980",0.81,"3,380",-25.27,"1,031,575",19.54,"3,350",-72.20,531,-85.70,"398,362",62.88
2003M05,"44,460",-11.35,"12,777",51.64,"1,461,620",27.18,"29,510",-9.20,"12,503",137.47,"1,048,582",17.79,"14,950",-15.30,274,-91.33,"413,038",59.44
2003M06,"79,420",164.42,"21,279",127.68,"1,519,761",29.90,"67,520",526.05,"20,779",145.01,"1,095,323",22.72,"11,900",-38.18,500,-42.20,"424,438",52.98
2003M07,"30,450",-53.44,"11,088",-16.42,"1,539,123",25.94,"23,950",-26.87,"10,935",-16.83,"1,108,338",21.51,"6,500",-80.09,153,29.66,"430,785",38.97
2003M08,"34,390",8.73,"5,191",-75.44,"1,568,322",27.24,"27,940",32.23,"4,986",-68.76,"1,131,292",23.33,"6,450",-38.57,205,-96.04,"437,030",38.61
2003M09,"50,976",-6.56,"6,419",24.79,"1,612,879",25.81,"23,570",-11.90,"5,213",3.72,"1,149,649",22.43,"27,406",-1.42,"1,206",922.03,"463,230",35.06
2003M10,"43,386",4.65,"7,803",-44.46,"1,648,462",25.90,"18,230",23.98,"7,602",21.44,"1,160,277",22.46,"25,156",-5.97,201,-97.42,"488,185",34.88
2003M11,"28,908",-3.90,"15,024",-1.35,"1,662,346",25.53,"5,070",-70.40,"12,968",56.18,"1,152,379",20.51,"23,838",84.08,"2,056",-70.31,"509,967",38.59
2003M12,"84,149",16.87,"28,354",142.16,"1,718,140",24.09,"46,490",-23.04,"21,955",132.48,"1,176,914",16.85,"37,659",224.65,"6,399",182.52,"541,226",43.45
2004M01,"20,388",1.18,"18,939",283.07,"1,719,589",22.85,"13,000",26.83,"18,224",806.67,"1,171,690",15.38,"7,388",-25.37,715,-75.63,"547,899",42.58
2004M02,"29,392",86.38,"14,543",143.52,"1,734,438",23.05,"19,892",946.95,"12,664",133.87,"1,178,918",16.50,"9,500",-31.51,"1,879",237.34,"555,520",39.72
2004M03,"56,980","1,335.26","17,605",252.38,"1,773,813",25.93,"7,580",206.88,"14,656",905.90,"1,171,842",15.68,"49,400","3,193.33","2,949",-16.67,"601,971",52.19
2004M04,"37,211",46.90,"6,351",62.39,"1,804,674",26.21,"28,811",31.08,"4,918",45.50,"1,195,735",15.91,"8,400",150.75,"1,433",169.87,"608,939",52.86
2004M05,"47,870",7.67,"19,551",53.02,"1,832,993",25.41,"31,370",6.30,"18,132",45.02,"1,208,973",15.30,"16,500",10.37,"1,419",417.88,"624,020",51.08
2004M06,"58,507",-26.33,"54,531",156.27,"1,836,969",20.87,"45,657",-32.38,"51,006",145.47,"1,203,624",9.89,"12,850",7.98,"3,525",605.00,"633,345",49.22
2004M07,"54,439",78.78,"37,629",239.37,"1,853,779",20.44,"35,196",46.96,"12,532",14.60,"1,226,288",10.64,"19,243",196.05,"25,097","16,303.27","627,491",45.66
2004M08,"33,589",-2.33,"23,457",351.88,"1,863,911",18.85,"18,052",-35.39,"21,472",330.65,"1,222,868",8.09,"15,537",140.88,"1,985",868.29,"641,043",46.68
2004M09,"23,198",-54.49,"20,029",212.03,"1,867,080",15.76,"9,635",-59.12,"14,951",186.80,"1,217,552",5.91,"13,563",-50.51,"5,078",321.06,"649,528",40.22
2004M10,"31,976",-26.30,"8,980",15.08,"1,890,076",14.66,"8,976",-50.76,"8,652",13.81,"1,217,876",4.96,"23,000",-8.57,328,63.18,"672,200",37.69
2004M11,"18,159",-37.18,"12,527",-16.62,"1,895,708",14.04,"8,229",62.31,"8,007",-38.26,"1,218,098",5.70,"9,930",-58.34,"4,520",119.84,"677,610",32.87
2004M12,"38,007",-54.83,"9,070",-68.01,"1,924,645",12.02,"5,050",-89.14,"7,554",-65.59,"1,215,594",3.29,"32,957",-12.49,"1,516",-76.31,"709,051",31.01
2005M01,"19,900",-2.39,"12,155",-35.82,"1,932,391",12.38,"3,600",-72.31,"9,842",-45.99,"1,209,352",3.21,"16,300",120.63,"2,313",223.50,"723,039",31.97
2005M02,"5,648",-80.78,"6,603",-54.60,"1,931,435",11.36,148,-99.26,"5,255",-58.50,"1,204,245",2.15,"5,500",-42.11,"1,348",-28.26,"727,190",30.90
2005M03,"18,608",-67.34,"11,855",-32.66,"1,938,189",9.27,"11,900",56.99,"8,835",-39.72,"1,207,310",3.03,"6,708",-86.42,"3,020",2.41,"730,879",21.41
2005M04,"26,162",-29.69,"11,690",84.07,"1,952,660",8.20,"19,870",-31.03,"10,395",111.37,"1,216,785",1.76,"6,292",-25.10,"1,295",-9.63,"735,875",20.85
2005M05,"19,532",-59.20,"28,206",44.27,"1,943,985",6.06,"5,859",-81.32,"21,393",17.98,"1,201,251",-0.64,"13,673",-17.13,"6,813",380.13,"742,734",19.02
2005M06,"63,694",8.87,"17,778",-67.40,"1,989,901",8.33,"26,300",-42.40,"16,377",-67.89,"1,211,174",0.63,"37,394",191.00,"1,401",-60.26,"778,727",22.95
2005M07,"26,700",-50.95,"37,188",-1.17,"1,979,414",6.78,"22,200",-36.92,"36,434",190.73,"1,196,940",-2.39,"4,500",-76.61,754,-97.00,"782,474",24.70
2005M08,"23,943",-28.72,"28,617",22.00,"1,974,740",5.95,"20,943",16.01,"27,393",27.58,"1,190,490",-2.65,"3,000",-80.69,"1,224",-38.34,"784,250",22.34
