期間,提存戶數(家)_原始值,提存戶數(家)_年增率(%),提存戶數-家數提存率(%)_原始值,提存戶數-家數提存率(%)_年增率(%),有餘額戶數(家)_原始值,有餘額戶數(家)_年增率(%),提存廠商開戶時員工人數(人)_原始值,提存廠商開戶時員工人數(人)_年增率(%),提存金額(千元)_原始值,提存金額(千元)_年增率(%),撥發金額(千元)_原始值,撥發金額(千元)_年增率(%),累計提存金額(含孳息、收益) (千元)_原始值,累計提存金額(含孳息、收益) (千元)_年增率(%),累計撥發金額(千元)_原始值,累計撥發金額(千元)_年增率(%),基金餘額(千元)_原始值,基金餘額(千元)_年增率(%)
2009M04,"124,896",-0.54,29.14,-,"114,622",0.21,"3,530,011",-1.51,"4,011,879",-11.54,"4,411,112",2.13,"1,006,692,898",7.12,"535,641,668",10.54,"467,637,223",0.96
2009M05,"124,655",-0.84,28.85,-,"114,691",0.08,"3,525,455",-1.72,"4,222,125",-32.20,"2,756,721",-22.06,"1,010,915,023",6.86,"538,398,389",10.30,"470,972,100",0.73
2009M06,"124,200",-1.33,28.76,-,"114,524",-0.26,"3,517,325",-1.88,"4,425,760",7.07,"3,529,464",27.10,"1,015,340,784",6.86,"541,927,852",10.40,"474,477,852",1.38
2009M07,"123,845",-1.69,28.61,-,"114,314",-0.59,"3,508,895",-2.05,"5,316,099",15.02,"3,092,250",-21.57,"1,020,656,883",6.90,"545,020,103",10.14,"477,581,001",1.47
2009M08,"123,527",-2.09,28.50,-,"114,145",-0.93,"3,506,661",-1.99,"4,570,269",-8.04,"3,089,484",-14.44,"1,025,227,152",6.82,"548,109,587",9.96,"481,546,559",1.66
2009M09,"123,206",-2.40,28.37,-,"114,036",-1.12,"3,499,432",-2.04,"4,225,111",-3.25,"2,806,433",-25.98,"1,029,452,263",6.78,"550,916,020",9.69,"484,470,890",1.80
2009M10,"122,891",-2.64,28.23,-,"113,821",-1.36,"3,491,975",-2.16,"4,163,188",-8.14,"1,870,388",-42.28,"1,033,615,451",6.71,"552,786,407",9.36,"489,580,450",3.12
2009M11,"122,641",-2.75,28.10,-,"113,637",-1.51,"3,485,665",-2.20,"4,191,524",6.11,"2,514,854",-15.07,"1,037,806,975",6.70,"555,301,261",9.22,"491,894,234",3.99
2009M12,"122,567",-2.66,28.08,-,"114,156",-0.95,"3,480,245",-2.16,"10,472,610",103.77,"2,238,589",-47.13,"1,048,279,586",7.21,"557,539,851",8.75,"496,826,265",5.34
2010M01,"122,611",-2.46,27.93,-,"114,608",-0.54,"3,474,586",-2.15,"9,269,978",-36.88,"2,690,820",-61.05,"1,057,549,564",6.56,"560,230,671",7.82,"505,902,576",7.77
2010M02,"122,161",-2.64,27.81,-,"114,620",-0.40,"3,466,616",-2.17,"4,307,740",-24.89,"1,616,931",-72.72,"1,061,857,303",6.38,"561,847,602",6.92,"508,850,718",8.13
2010M03,"121,926",-2.61,27.70,-,"114,375",-0.40,"3,459,951",-2.15,"9,670,171",113.87,"3,151,649",-44.94,"1,071,527,474",6.87,"564,999,251",6.36,"511,142,097",9.25
2010M04,"122,838",-1.65,27.82,-,"114,603",-0.02,"3,458,949",-2.01,"4,869,020",21.37,"3,535,540",-19.85,"1,076,396,494",6.92,"568,534,791",6.14,"513,185,676",9.74
2010M05,"123,592",-0.85,27.94,-,"115,471",0.68,"3,459,680",-1.87,"4,911,571",16.33,"2,770,282",0.49,"1,081,308,065",6.96,"571,305,072",6.11,"515,441,657",9.44
2010M06,"124,659",0.37,28.13,-,"116,301",1.55,"3,459,365",-1.65,"7,082,150",60.02,"2,978,856",-15.60,"1,088,390,216",7.19,"574,283,928",5.97,"520,198,305",9.64
2010M07,"125,943",1.69,50.44,-,"117,342",2.65,"3,458,879",-1.43,"6,035,670",13.54,"3,520,568",13.85,"1,094,425,886",7.23,"577,804,496",6.02,"523,946,030",9.71
2010M08,"125,997",2.00,50.88,-,"118,282",3.62,"3,455,022",-1.47,"4,485,561",-1.85,"3,115,186",0.83,"1,098,911,447",7.19,"580,919,682",5.99,"527,705,650",9.59
2010M09,"125,836",2.13,51.93,-,"118,449",3.87,"3,450,418",-1.40,"3,998,593",-5.36,"2,216,537",-21.02,"1,102,910,040",7.14,"583,136,219",5.85,"529,505,303",9.30
2010M10,"125,690",2.28,52.30,-,"118,369",4.00,"3,447,181",-1.28,"4,269,441",2.55,"2,244,519",20.00,"1,107,179,481",7.12,"585,380,738",5.90,"531,583,693",8.58
2010M11,"125,539",2.36,52.71,-,"118,290",4.09,"3,444,768",-1.17,"4,344,904",3.66,"1,995,121",-20.67,"1,111,524,384",7.10,"587,375,859",5.78,"535,604,534",8.89
2010M12,"125,359",2.28,53.05,-,"118,163",3.51,"3,441,108",-1.12,"5,064,984",-51.64,"2,031,537",-9.25,"1,116,589,368",6.52,"589,407,396",5.72,"537,809,111",8.25
2011M01,"125,283",2.18,...,-,"118,116",3.06,"3,435,275",-1.13,"8,160,359",-11.97,"3,272,942",21.63,"1,124,749,727",6.35,"592,680,339",5.79,"541,280,654",6.99
2011M02,"125,331",2.59,...,-,"118,159",3.09,"3,435,732",-0.89,"3,939,585",-8.55,"1,994,631",23.36,"1,128,689,312",6.29,"594,674,970",5.84,"545,804,373",7.26
2011M03,"125,423",2.87,...,-,"118,203",3.35,"3,434,165",-0.75,"6,370,643",-34.12,"3,914,937",24.22,"1,135,059,955",5.93,"598,589,907",5.95,"547,602,878",7.13
2011M04,"125,624",2.27,55.90,-,"118,340",3.26,"3,433,168",-0.75,"4,367,372",-10.30,"2,509,672",-29.02,"1,139,427,327",5.86,"601,099,579",5.73,"548,221,126",6.83
2011M05,"125,591",1.62,...,-,"118,424",2.56,"3,432,245",-0.79,"4,056,255",-17.41,"2,806,298",1.30,"1,143,483,581",5.75,"603,905,877",5.71,"550,046,922",6.71
2011M06,"125,562",0.72,...,-,"118,457",1.85,"3,430,142",-0.84,"3,878,221",-45.24,"2,434,292",-18.28,"1,147,361,802",5.42,"606,340,168",5.58,"554,243,431",6.54
2011M07,"125,558",-0.31,56.77,-,"118,496",0.98,"3,428,327",-0.88,"4,082,554",-32.36,"2,914,019",-17.23,"1,151,444,356",5.21,"609,254,188",5.44,"555,620,239",6.05
2011M08,"125,452",-0.43,...,-,"118,444",0.14,"3,425,387",-0.86,"4,433,856",-1.15,"3,347,845",7.47,"1,155,878,212",5.18,"612,602,033",5.45,"555,680,778",5.30
2011M09,"125,347",-0.39,...,-,"118,403",-0.04,"3,424,766",-0.74,"4,134,056",3.39,"2,343,684",5.74,"1,160,012,268",5.18,"614,945,716",5.45,"561,717,053",6.08
2011M10,"125,132",-0.44,57.43,-,"118,343",-0.02,"3,419,837",-0.79,"4,121,895",-3.46,"2,500,987",11.43,"1,164,134,163",5.14,"617,446,703",5.48,"560,628,385",5.46
2011M11,"124,868",-0.53,...,-,"118,131",-0.13,"3,414,002",-0.89,"4,001,455",-7.90,"2,410,322",20.81,"1,168,135,619",5.09,"619,857,025",5.53,"561,463,144",4.83
2011M12,"124,684",-0.54,57.72,-,"117,970",-0.16,"3,409,506",-0.92,"4,626,225",-8.66,"2,054,592",1.13,"1,172,761,844",5.03,"621,911,617",5.51,"562,128,221",4.52
2012M01,"124,491",-0.63,...,-,"117,903",-0.18,"3,406,075",-0.85,"10,022,504",22.82,"2,174,303",-33.57,"1,182,784,347",5.16,"624,085,921",5.30,"563,191,379",4.05
2012M02,"124,342",-0.79,...,-,"117,749",-0.35,"3,404,241",-0.92,"4,378,959",11.15,"3,090,824",54.96,"1,187,163,306",5.18,"627,176,745",5.47,"566,488,795",3.79
2012M03,"124,224",-0.96,58.40,-,"117,584",-0.52,"3,402,090",-0.93,"4,242,303",-33.41,"4,135,745",5.64,"1,191,405,609",4.96,"631,312,489",5.47,"567,608,938",3.65
2012M04,"124,076",-1.23,...,-,"117,445",-0.76,"3,397,552",-1.04,"4,146,846",-5.05,"3,614,852",44.04,"1,195,552,455",4.93,"634,927,342",5.63,"567,289,965",3.48
2012M05,"123,911",-1.34,...,-,"117,264",-0.98,"3,395,744",-1.06,"4,538,808",11.90,"3,720,622",32.58,"1,200,091,262",4.95,"638,647,964",5.75,"570,518,577",3.72
2012M06,"123,773",-1.42,59.06,-,"117,165",-1.09,"3,395,380",-1.01,"3,834,693",-1.12,"3,388,011",39.18,"1,203,925,955",4.93,"642,035,975",5.89,"572,065,161",3.22
2012M07,"123,635",-1.53,...,-,"117,060",-1.21,"3,390,684",-1.10,"4,359,185",6.78,"4,181,407",43.49,"1,208,285,141",4.94,"646,217,382",6.07,"573,029,243",3.13
2012M08,"123,458",-1.59,...,-,"116,948",-1.26,"3,390,627",-1.01,"4,215,712",-4.92,"3,720,617",11.13,"1,212,500,853",4.90,"649,937,998",6.09,"575,769,106",3.62
2012M09,"123,345",-1.60,58.96,-,"116,852",-1.31,"3,388,985",-1.04,"3,783,426",-8.48,"3,175,081",35.47,"1,216,284,279",4.85,"653,113,079",6.21,"575,984,989",2.54
2012M10,"123,139",-1.59,...,-,"116,666",-1.42,"3,384,774",-1.03,"3,982,039",-3.39,"2,961,871",18.43,"1,220,266,318",4.82,"656,074,950",6.26,"576,560,844",2.84
2012M11,"122,941",-1.54,...,-,"116,458",-1.42,"3,384,434",-0.87,"3,962,450",-0.97,"2,868,866",19.02,"1,224,228,767",4.80,"658,943,816",6.31,"576,802,004",2.73
2012M12,"122,704",-1.59,60.09,-,"116,257",-1.45,"3,381,389",-0.82,"4,801,048",3.78,"2,540,257",23.64,"1,229,029,815",4.80,"661,484,074",6.36,"580,045,746",3.19
2013M01,"122,411",-1.67,...,-,"116,111",-1.52,"3,377,812",-0.83,"10,667,413",6.43,"4,273,270",96.54,"1,239,697,229",4.81,"665,757,343",6.68,"590,096,349",4.78
2013M02,"122,234",-1.70,...,-,"115,938",-1.54,"3,372,912",-0.92,"3,930,908",-10.23,"3,159,687",2.23,"1,243,628,136",4.76,"668,917,030",6.66,"592,897,008",4.66
2013M03,"121,962",-1.82,61.52,-,"115,664",-1.63,"3,373,334",-0.85,"6,025,658",42.04,"4,953,094",19.76,"1,249,653,795",4.89,"673,870,124",6.74,"594,412,826",4.72
2013M04,"121,773",-1.86,...,-,"115,493",-1.66,"3,374,851",-0.67,"4,214,778",1.64,"5,060,073",39.98,"1,253,868,573",4.88,"678,930,197",6.93,"593,394,912",4.60
2013M05,"121,589",-1.87,...,-,"115,295",-1.68,"3,376,415",-0.57,"3,976,487",-12.39,"4,178,858",12.32,"1,257,845,060",4.81,"683,109,055",6.96,"595,273,939",4.34
2013M06,"121,507",-1.83,62.46,-,"115,178",-1.70,"3,373,439",-0.65,"3,882,804",1.25,"4,208,158",24.21,"1,261,727,864",4.80,"687,317,213",7.05,"595,328,768",4.07
2013M07,"121,778",-1.50,...,-,"115,116",-1.66,"3,375,384",-0.45,"4,099,988",-5.95,"5,982,754",43.08,"1,265,827,852",4.76,"693,299,967",7.29,"594,964,280",3.83
2013M08,"122,316",-0.93,...,-,"115,308",-1.40,"3,377,701",-0.38,"3,914,545",-7.14,"6,307,705",69.53,"1,269,742,397",4.72,"699,607,672",7.64,"593,358,430",3.05
2013M09,"123,042",-0.25,65.61,-,"115,763",-0.93,"3,380,793",-0.24,"3,593,780",-5.01,"3,668,216",15.53,"1,273,336,177",4.69,"703,275,888",7.68,"594,290,522",3.18
2013M10,"123,608",0.38,...,-,"116,357",-0.26,"3,381,186",-0.11,"4,144,792",4.09,"3,749,508",26.59,"1,277,480,970",4.69,"707,025,397",7.77,"594,351,032",3.09
2013M11,"123,955",0.82,...,-,"116,819",0.31,"3,379,344",-0.15,"3,890,530",-1.82,"3,075,986",7.22,"1,281,371,499",4.67,"710,101,383",7.76,"597,275,889",3.55
2013M12,"124,033",1.08,68.20,-,"117,025",0.66,"3,377,162",-0.13,"4,707,076",-1.96,"2,942,122",15.82,"1,286,078,575",4.64,"713,043,505",7.79,"601,618,839",3.72
2014M01,"123,925",1.24,...,-,"117,150",0.89,"3,373,754",-0.12,"11,432,078",7.17,"4,331,191",1.36,"1,297,510,652",4.66,"717,374,696",7.75,"606,454,623",2.77
2014M02,"123,773",1.26,...,-,"117,073",0.98,"3,370,837",-0.06,"3,979,688",1.24,"4,035,975",27.73,"1,301,490,340",4.65,"721,410,671",7.85,"608,247,111",2.59
2014M03,"123,715",1.44,70.53,-,"116,972",1.13,"3,366,082",-0.21,"12,069,009",100.29,"5,415,625",9.34,"1,313,559,349",5.11,"726,826,297",7.86,"610,768,664",2.75
2014M04,"123,759",1.63,...,-,"116,920",1.24,"3,362,535",-0.36,"4,167,261",-1.13,"6,183,465",22.20,"1,317,726,611",5.09,"733,009,762",7.97,"609,149,621",2.66
2014M05,"123,856",1.86,...,-,"116,971",1.45,"3,363,853",-0.37,"3,792,400",-4.63,"4,674,831",11.87,"1,321,519,011",5.06,"737,684,593",7.99,"608,978,584",2.30
2014M06,"123,936",2.00,73.04,-,"117,042",1.62,"3,360,922",-0.37,"3,870,844",-0.31,"4,068,556",-3.32,"1,325,389,855",5.05,"741,753,149",7.92,"610,704,760",2.58
2014M07,"124,119",1.92,...,-,"117,167",1.78,"3,358,684",-0.49,"3,991,226",-2.65,"6,035,839",0.89,"1,329,381,081",5.02,"747,788,987",7.86,...,...
